Plate	Time	A1	A2	A3	A4	A5	A6	A7	A8	A9	A10	A11	A12	B1	B2	B3	B4	B5	B6	B7	B8	B9	B10	B11	B12	C1	C2	C3	C4	C5	C6	C7	C8	C9	C10	C11	C12	D1	D2	D3	D4	D5	D6	D7	D8	D9	D10	D11	D12	E1	E2	E3	E4	E5	E6	E7	E8	E9	E10	E11	E12	F1	F2	F3	F4	F5	F6	F7	F8	F9	F10	F11	F12	G1	G2	G3	G4	G5	G6	G7	G8	G9	G10	G11	G12	H1	H2	H3	H4	H5	H6	H7	H8	H9	H10	H11	H12
Plate_1	0	0.204	0.24	0.197	0.253	0.202	0.24	0.241	0.198	0.245	0.201	0.232	0.195	0.212	0.251	0.206	0.239	0.209	0.232	0.239	0.194	0.243	0.197	0.239	0.197	0.196	0.234	0.209	0.261	0.197	0.256	0.244	0.209	0.294	0.196	0.232	0.196	0.207	0.243	0.209	0.262	0.198	0.243	0.249	0.209	0.25	0.202	0.241	0.196	0.201	0.242	0.201	0.25	0.199	0.256	0.235	0.197	0.238	0.196	0.229	0.192	0.198	0.245	0.201	0.242	0.214	0.239	0.258	0.196	0.249	0.204	0.236	0.195	0.196	0.243	0.198	0.295	0.194	0.269	0.249	0.214	0.247	0.21	0.237	0.204	0.208	0.24	0.214	0.242	0.206	0.242	0.248	0.2	0.246	0.204	0.231	0.19
Plate_1	1	0.202	0.262	0.2	0.276	0.255	0.341	0.311	0.234	0.294	0.204	0.254	0.194	0.207	0.272	0.205	0.324	0.265	0.312	0.324	0.246	0.295	0.263	0.263	0.197	0.194	0.258	0.289	0.34	0.271	0.352	0.354	0.26	0.363	0.237	0.257	0.196	0.205	0.266	0.255	0.332	0.275	0.362	0.358	0.27	0.334	0.245	0.262	0.196	0.202	0.266	0.288	0.308	0.27	0.349	0.328	0.267	0.315	0.197	0.252	0.192	0.197	0.269	0.237	0.333	0.289	0.321	0.343	0.282	0.29	0.205	0.263	0.194	0.195	0.273	0.197	0.314	0.195	0.667	0.27	0.211	0.265	0.21	0.265	0.2	0.205	0.273	0.212	0.268	0.204	0.273	0.275	0.199	0.269	0.201	0.26	0.195
Plate_1	2	0.202	0.298	0.201	0.318	0.201	0.32	0.319	0.198	0.314	0.204	0.291	0.194	0.206	0.311	0.203	0.293	0.205	0.3	0.311	0.193	0.299	0.196	0.299	0.196	0.194	0.295	0.205	0.314	0.197	0.327	0.319	0.208	0.345	0.196	0.301	0.196	0.205	0.303	0.207	0.316	0.198	0.325	0.324	0.205	0.309	0.197	0.297	0.196	0.202	0.307	0.2	0.3	0.199	0.305	0.304	0.197	0.288	0.195	0.294	0.192	0.197	0.307	0.198	0.298	0.212	0.31	0.323	0.195	0.304	0.201	0.305	0.193	0.193	0.323	0.197	0.358	0.195	0.547	0.317	0.209	0.31	0.208	0.31	0.199	0.204	0.329	0.212	0.313	0.204	0.329	0.327	0.199	0.308	0.201	0.311	0.195
Plate_1	3	0.202	0.344	0.201	0.386	0.202	0.386	0.391	0.199	0.383	0.204	0.341	0.194	0.205	0.367	0.202	0.351	0.205	0.374	0.391	0.193	0.358	0.196	0.354	0.197	0.194	0.353	0.205	0.371	0.197	0.373	0.368	0.207	0.401	0.196	0.374	0.196	0.205	0.375	0.207	0.379	0.198	0.376	0.373	0.204	0.372	0.197	0.361	0.196	0.201	0.362	0.2	0.347	0.199	0.352	0.36	0.197	0.333	0.195	0.355	0.192	0.197	0.373	0.197	0.352	0.212	0.381	0.401	0.195	0.36	0.2	0.377	0.192	0.192	0.381	0.198	0.437	0.195	0.613	0.398	0.208	0.402	0.207	0.37	0.198	0.204	0.408	0.212	0.377	0.203	0.408	0.408	0.199	0.365	0.2	0.387	0.193
Plate_1	4	0.202	0.396	0.201	0.463	0.202	0.445	0.452	0.199	0.462	0.204	0.39	0.194	0.204	0.423	0.202	0.413	0.203	0.435	0.454	0.194	0.419	0.196	0.403	0.196	0.195	0.42	0.204	0.44	0.197	0.418	0.413	0.206	0.478	0.196	0.437	0.196	0.205	0.439	0.206	0.454	0.199	0.424	0.423	0.203	0.445	0.196	0.416	0.197	0.201	0.425	0.2	0.399	0.199	0.4	0.401	0.197	0.385	0.196	0.405	0.192	0.197	0.425	0.197	0.408	0.212	0.435	0.453	0.195	0.412	0.198	0.428	0.192	0.192	0.434	0.198	0.53	0.195	0.825	0.46	0.208	0.5	0.208	0.419	0.197	0.204	0.453	0.212	0.434	0.203	0.462	0.457	0.199	0.42	0.2	0.429	0.192
Plate_1	5	0.202	0.471	0.2	0.569	0.202	0.536	0.546	0.198	0.569	0.203	0.468	0.194	0.203	0.496	0.202	0.488	0.203	0.512	0.538	0.194	0.491	0.195	0.481	0.196	0.195	0.494	0.204	0.523	0.197	0.493	0.493	0.206	0.562	0.196	0.516	0.196	0.205	0.506	0.206	0.54	0.199	0.509	0.517	0.202	0.531	0.196	0.477	0.197	0.201	0.493	0.2	0.456	0.198	0.457	0.461	0.197	0.444	0.196	0.473	0.193	0.197	0.496	0.197	0.468	0.212	0.512	0.53	0.195	0.474	0.196	0.496	0.192	0.192	0.522	0.198	0.629	0.195	0.62	0.534	0.207	0.594	0.209	0.502	0.197	0.204	0.51	0.212	0.514	0.202	0.558	0.55	0.199	0.496	0.2	0.477	0.191
Plate_1	6	0.202	0.572	0.2	0.667	0.202	0.64	0.647	0.199	0.666	0.203	0.568	0.194	0.203	0.6	0.202	0.569	0.202	0.614	0.639	0.194	0.573	0.195	0.585	0.196	0.195	0.591	0.216	0.612	0.197	0.592	0.592	0.206	0.613	0.196	0.611	0.196	0.205	0.598	0.206	0.626	0.199	0.613	0.626	0.201	0.616	0.197	0.566	0.197	0.201	0.582	0.2	0.54	0.198	0.544	0.551	0.197	0.526	0.196	0.565	0.193	0.197	0.595	0.197	0.562	0.212	0.603	0.62	0.195	0.566	0.196	0.592	0.192	0.192	0.626	0.198	0.699	0.195	0.777	0.623	0.207	0.669	0.208	0.607	0.197	0.203	0.593	0.212	0.611	0.203	0.659	0.649	0.199	0.592	0.2	0.557	0.191
Plate_1	7	0.202	0.657	0.2	0.719	0.201	0.706	0.706	0.199	0.703	0.205	0.648	0.194	0.203	0.688	0.201	0.652	0.202	0.683	0.701	0.194	0.658	0.195	0.663	0.196	0.195	0.678	0.204	0.686	0.197	0.673	0.673	0.206	0.686	0.196	0.684	0.196	0.205	0.68	0.206	0.695	0.198	0.689	0.687	0.201	0.687	0.196	0.651	0.197	0.201	0.665	0.199	0.632	0.198	0.635	0.64	0.197	0.62	0.195	0.651	0.192	0.197	0.679	0.196	0.659	0.211	0.68	0.689	0.195	0.66	0.195	0.673	0.192	0.192	0.694	0.198	0.723	0.195	0.945	0.693	0.206	0.719	0.207	0.678	0.197	0.203	0.667	0.212	0.697	0.202	0.704	0.694	0.199	0.678	0.199	0.632	0.19
Plate_1	8	0.202	0.675	0.2	0.732	0.201	0.716	0.717	0.199	0.72	0.203	0.659	0.195	0.202	0.704	0.201	0.696	0.202	0.686	0.703	0.194	0.694	0.195	0.672	0.196	0.195	0.703	0.207	0.734	0.197	0.691	0.69	0.206	0.726	0.196	0.69	0.197	0.205	0.712	0.205	0.744	0.199	0.698	0.692	0.201	0.731	0.197	0.684	0.197	0.201	0.695	0.199	0.7	0.198	0.687	0.681	0.197	0.683	0.195	0.676	0.192	0.197	0.7	0.196	0.708	0.208	0.698	0.702	0.195	0.703	0.195	0.689	0.192	0.192	0.704	0.199	0.732	0.195	0.992	0.702	0.206	0.729	0.207	0.688	0.197	0.203	0.694	0.211	0.719	0.203	0.715	0.706	0.199	0.7	0.2	0.661	0.19
Plate_1	9	0.202	0.696	0.2	0.745	0.201	0.734	0.735	0.199	0.738	0.203	0.685	0.195	0.201	0.724	0.201	0.7	0.202	0.707	0.724	0.194	0.703	0.195	0.697	0.196	0.195	0.715	0.21	0.749	0.197	0.71	0.707	0.206	0.74	0.196	0.712	0.197	0.204	0.723	0.204	0.758	0.199	0.718	0.712	0.2	0.746	0.197	0.696	0.197	0.201	0.709	0.199	0.713	0.198	0.697	0.693	0.197	0.696	0.195	0.692	0.193	0.197	0.718	0.196	0.725	0.208	0.712	0.719	0.195	0.719	0.195	0.709	0.192	0.192	0.722	0.199	0.743	0.195	0.746	0.716	0.205	0.74	0.209	0.707	0.197	0.203	0.708	0.21	0.74	0.203	0.739	0.728	0.199	0.723	0.2	0.673	0.191
Plate_1	10	0.202	0.719	0.2	0.759	0.2	0.75	0.749	0.199	0.75	0.203	0.706	0.195	0.201	0.741	0.2	0.713	0.202	0.726	0.742	0.194	0.715	0.195	0.719	0.196	0.195	0.731	0.203	0.76	0.197	0.727	0.723	0.206	0.754	0.196	0.73	0.197	0.204	0.739	0.204	0.766	0.199	0.733	0.727	0.201	0.756	0.197	0.716	0.197	0.201	0.729	0.199	0.734	0.198	0.715	0.712	0.197	0.719	0.195	0.712	0.193	0.198	0.739	0.196	0.745	0.208	0.732	0.738	0.196	0.74	0.195	0.728	0.192	0.192	0.739	0.199	0.754	0.195	0.749	0.738	0.205	0.748	0.208	0.721	0.197	0.202	0.729	0.21	0.759	0.203	0.754	0.745	0.199	0.744	0.2	0.693	0.19
Plate_1	11	0.202	0.73	0.2	0.766	0.2	0.757	0.755	0.199	0.756	0.203	0.718	0.195	0.201	0.751	0.2	0.726	0.202	0.737	0.75	0.194	0.723	0.195	0.727	0.196	0.195	0.742	0.203	0.768	0.197	0.74	0.735	0.206	0.762	0.196	0.738	0.197	0.204	0.75	0.204	0.773	0.199	0.745	0.736	0.2	0.762	0.197	0.73	0.197	0.201	0.742	0.199	0.753	0.199	0.729	0.724	0.197	0.736	0.196	0.724	0.193	0.197	0.751	0.196	0.76	0.207	0.745	0.749	0.196	0.755	0.195	0.737	0.192	0.192	0.748	0.203	0.759	0.195	1.017	0.752	0.205	0.753	0.207	0.73	0.197	0.202	0.739	0.21	0.769	0.203	0.76	0.751	0.199	0.753	0.2	0.708	0.191
Plate_1	12	0.202	0.733	0.2	0.768	0.199	0.758	0.757	0.199	0.758	0.203	0.72	0.195	0.201	0.755	0.2	0.73	0.202	0.736	0.749	0.194	0.728	0.195	0.729	0.195	0.195	0.748	0.206	0.775	0.197	0.743	0.738	0.205	0.766	0.196	0.739	0.196	0.204	0.754	0.203	0.777	0.199	0.747	0.738	0.2	0.767	0.197	0.735	0.197	0.201	0.749	0.199	0.761	0.198	0.736	0.73	0.197	0.745	0.195	0.729	0.192	0.197	0.756	0.196	0.766	0.207	0.751	0.752	0.195	0.76	0.194	0.741	0.191	0.192	0.749	0.199	0.763	0.195	0.848	0.755	0.204	0.756	0.207	0.732	0.197	0.202	0.743	0.209	0.771	0.203	0.761	0.752	0.199	0.756	0.2	0.713	0.19
Plate_1	13	0.202	0.735	0.2	0.769	0.199	0.759	0.757	0.199	0.76	0.211	0.721	0.195	0.201	0.755	0.2	0.736	0.202	0.735	0.747	0.194	0.732	0.195	0.729	0.196	0.195	0.748	0.203	0.779	0.197	0.744	0.739	0.205	0.77	0.196	0.739	0.197	0.204	0.754	0.202	0.781	0.199	0.747	0.737	0.2	0.77	0.197	0.736	0.197	0.201	0.75	0.199	0.764	0.197	0.739	0.732	0.197	0.747	0.196	0.729	0.192	0.197	0.756	0.196	0.767	0.207	0.751	0.751	0.196	0.76	0.194	0.74	0.191	0.193	0.749	0.2	0.765	0.195	1.03	0.754	0.204	0.758	0.207	0.731	0.197	0.202	0.744	0.209	0.771	0.203	0.76	0.751	0.198	0.756	0.2	0.714	0.19
Plate_1	14	0.202	0.733	0.2	0.769	0.199	0.759	0.757	0.199	0.759	0.203	0.722	0.195	0.201	0.753	0.199	0.739	0.202	0.733	0.746	0.194	0.734	0.195	0.73	0.196	0.195	0.747	0.203	0.781	0.197	0.743	0.738	0.205	0.773	0.196	0.739	0.197	0.204	0.753	0.202	0.783	0.199	0.746	0.735	0.2	0.773	0.197	0.735	0.197	0.201	0.75	0.199	0.764	0.197	0.739	0.732	0.197	0.747	0.196	0.73	0.192	0.198	0.755	0.196	0.766	0.207	0.751	0.75	0.196	0.759	0.195	0.74	0.192	0.193	0.747	0.2	0.767	0.195	0.935	0.752	0.204	0.76	0.207	0.731	0.197	0.201	0.744	0.209	0.771	0.203	0.76	0.751	0.198	0.756	0.2	0.715	0.19
Plate_1	15	0.202	0.734	0.2	0.769	0.199	0.758	0.756	0.199	0.762	0.208	0.723	0.195	0.201	0.753	0.199	0.74	0.202	0.733	0.744	0.195	0.735	0.195	0.73	0.196	0.195	0.749	0.205	0.783	0.197	0.742	0.739	0.205	0.775	0.196	0.739	0.197	0.204	0.752	0.202	0.784	0.199	0.744	0.735	0.2	0.774	0.197	0.735	0.197	0.201	0.75	0.199	0.763	0.207	0.738	0.73	0.197	0.746	0.196	0.73	0.192	0.197	0.757	0.196	0.765	0.207	0.75	0.75	0.196	0.758	0.2	0.74	0.192	0.193	0.748	0.2	0.769	0.196	0.79	0.751	0.204	0.761	0.206	0.731	0.197	0.201	0.745	0.209	0.772	0.202	0.76	0.751	0.198	0.756	0.2	0.716	0.19
Plate_1	16	0.202	0.736	0.2	0.772	0.199	0.759	0.757	0.199	0.763	0.203	0.726	0.195	0.201	0.756	0.198	0.742	0.202	0.732	0.744	0.195	0.736	0.195	0.733	0.195	0.195	0.75	0.204	0.788	0.197	0.744	0.739	0.204	0.778	0.196	0.741	0.197	0.204	0.753	0.202	0.786	0.199	0.744	0.735	0.2	0.776	0.197	0.735	0.2	0.201	0.75	0.199	0.763	0.197	0.737	0.731	0.197	0.747	0.196	0.732	0.192	0.198	0.756	0.196	0.765	0.207	0.75	0.75	0.196	0.758	0.204	0.741	0.192	0.193	0.749	0.2	0.771	0.195	0.828	0.751	0.204	0.762	0.206	0.735	0.197	0.201	0.747	0.209	0.771	0.203	0.763	0.754	0.198	0.755	0.199	0.717	0.19
Plate_1	17	0.202	0.741	0.2	0.774	0.199	0.761	0.76	0.199	0.765	0.203	0.727	0.195	0.201	0.76	0.198	0.743	0.202	0.735	0.746	0.195	0.737	0.195	0.735	0.195	0.195	0.751	0.202	0.789	0.197	0.745	0.741	0.204	0.782	0.196	0.742	0.197	0.204	0.756	0.201	0.788	0.199	0.747	0.736	0.199	0.777	0.197	0.737	0.2	0.201	0.753	0.199	0.764	0.197	0.739	0.734	0.197	0.747	0.195	0.734	0.192	0.198	0.759	0.196	0.766	0.206	0.751	0.752	0.196	0.758	0.194	0.743	0.192	0.193	0.749	0.2	0.774	0.195	0.863	0.752	0.202	0.764	0.206	0.733	0.196	0.202	0.75	0.209	0.774	0.202	0.763	0.753	0.198	0.757	0.199	0.719	0.19
Plate_1	18	0.202	0.744	0.2	0.777	0.199	0.764	0.76	0.199	0.766	0.203	0.731	0.195	0.201	0.761	0.199	0.744	0.202	0.736	0.749	0.195	0.739	0.195	0.736	0.195	0.195	0.753	0.214	0.792	0.197	0.747	0.744	0.203	0.784	0.196	0.744	0.197	0.203	0.758	0.201	0.789	0.199	0.75	0.739	0.199	0.779	0.197	0.739	0.198	0.201	0.753	0.199	0.765	0.197	0.742	0.737	0.197	0.75	0.196	0.735	0.192	0.198	0.759	0.196	0.765	0.206	0.752	0.753	0.196	0.762	0.194	0.744	0.192	0.193	0.754	0.2	0.777	0.195	0.85	0.752	0.201	0.766	0.206	0.737	0.196	0.202	0.751	0.209	0.776	0.202	0.765	0.756	0.197	0.761	0.199	0.721	0.19
Plate_1	19	0.202	0.747	0.2	0.779	0.199	0.764	0.762	0.199	0.77	0.205	0.733	0.195	0.2	0.765	0.199	0.746	0.201	0.74	0.752	0.195	0.741	0.195	0.739	0.195	0.195	0.758	0.202	0.793	0.197	0.749	0.745	0.203	0.783	0.195	0.746	0.197	0.203	0.761	0.201	0.792	0.199	0.749	0.74	0.199	0.778	0.196	0.742	0.198	0.201	0.758	0.199	0.768	0.196	0.744	0.736	0.196	0.752	0.195	0.737	0.192	0.198	0.763	0.196	0.769	0.206	0.756	0.758	0.195	0.767	0.2	0.748	0.192	0.193	0.757	0.2	0.777	0.195	0.874	0.756	0.201	0.77	0.205	0.74	0.196	0.202	0.755	0.209	0.779	0.202	0.769	0.76	0.197	0.764	0.199	0.724	0.19
Plate_1	20	0.202	0.75	0.2	0.783	0.199	0.768	0.765	0.198	0.773	0.203	0.736	0.195	0.201	0.769	0.199	0.747	0.201	0.742	0.753	0.195	0.743	0.195	0.742	0.195	0.195	0.759	0.202	0.796	0.197	0.75	0.748	0.203	0.788	0.195	0.748	0.197	0.203	0.763	0.201	0.794	0.199	0.751	0.742	0.199	0.78	0.196	0.743	0.199	0.201	0.76	0.199	0.77	0.204	0.748	0.743	0.197	0.755	0.196	0.741	0.192	0.197	0.767	0.196	0.772	0.207	0.759	0.764	0.196	0.766	0.194	0.75	0.192	0.193	0.76	0.2	0.783	0.196	0.83	0.758	0.2	0.772	0.205	0.743	0.196	0.202	0.757	0.209	0.781	0.203	0.772	0.763	0.197	0.766	0.199	0.729	0.19
Plate_1	21	0.202	0.752	0.2	0.785	0.199	0.769	0.766	0.199	0.776	0.203	0.738	0.195	0.201	0.771	0.199	0.751	0.201	0.745	0.755	0.195	0.744	0.195	0.744	0.195	0.195	0.76	0.202	0.801	0.197	0.753	0.75	0.203	0.791	0.195	0.75	0.197	0.202	0.764	0.2	0.796	0.199	0.754	0.744	0.199	0.783	0.196	0.745	0.198	0.201	0.763	0.199	0.773	0.197	0.751	0.747	0.196	0.757	0.195	0.744	0.192	0.197	0.769	0.196	0.774	0.206	0.761	0.761	0.195	0.768	0.193	0.753	0.192	0.193	0.763	0.203	0.785	0.195	0.825	0.759	0.2	0.775	0.205	0.746	0.196	0.202	0.76	0.209	0.784	0.203	0.775	0.765	0.197	0.769	0.199	0.729	0.19
Plate_1	22	0.202	0.755	0.2	0.789	0.199	0.771	0.769	0.198	0.78	0.204	0.74	0.195	0.201	0.775	0.199	0.753	0.201	0.747	0.758	0.195	0.747	0.195	0.747	0.195	0.195	0.763	0.202	0.804	0.197	0.758	0.754	0.203	0.793	0.195	0.752	0.197	0.203	0.766	0.2	0.798	0.199	0.756	0.747	0.198	0.784	0.196	0.747	0.198	0.201	0.766	0.199	0.776	0.197	0.755	0.75	0.196	0.76	0.195	0.747	0.192	0.197	0.772	0.196	0.777	0.206	0.763	0.763	0.195	0.771	0.199	0.757	0.192	0.193	0.766	0.201	0.788	0.195	0.833	0.762	0.2	0.778	0.205	0.749	0.196	0.202	0.764	0.209	0.788	0.202	0.778	0.768	0.197	0.773	0.199	0.733	0.19
Plate_1	23	0.202	0.758	0.2	0.793	0.199	0.774	0.772	0.198	0.783	0.203	0.743	0.195	0.201	0.778	0.199	0.756	0.201	0.75	0.761	0.195	0.75	0.195	0.749	0.195	0.195	0.765	0.211	0.806	0.197	0.762	0.757	0.203	0.796	0.195	0.755	0.197	0.202	0.768	0.2	0.799	0.198	0.761	0.752	0.198	0.786	0.196	0.749	0.198	0.201	0.768	0.199	0.78	0.197	0.758	0.754	0.196	0.763	0.195	0.75	0.192	0.197	0.775	0.196	0.78	0.206	0.766	0.766	0.195	0.774	0.193	0.76	0.192	0.193	0.769	0.201	0.792	0.195	1.087	0.764	0.2	0.78	0.205	0.752	0.196	0.202	0.769	0.209	0.792	0.202	0.782	0.771	0.197	0.776	0.199	0.736	0.19
Plate_1	24	0.202	0.763	0.2	0.798	0.198	0.777	0.775	0.198	0.787	0.204	0.747	0.195	0.201	0.782	0.198	0.759	0.2	0.754	0.766	0.195	0.753	0.195	0.754	0.195	0.195	0.768	0.208	0.808	0.197	0.766	0.762	0.203	0.799	0.195	0.758	0.197	0.202	0.773	0.2	0.8	0.198	0.766	0.755	0.197	0.787	0.196	0.752	0.198	0.201	0.772	0.199	0.784	0.198	0.764	0.761	0.196	0.767	0.195	0.753	0.192	0.197	0.779	0.196	0.784	0.206	0.77	0.77	0.195	0.778	0.198	0.764	0.192	0.193	0.774	0.201	0.795	0.195	1.006	0.767	0.2	0.784	0.205	0.757	0.196	0.202	0.773	0.208	0.797	0.202	0.786	0.776	0.197	0.781	0.199	0.74	0.19
Plate_2	0	0.19	0.241	0.193	0.24	0.197	0.237	0.239	0.201	0.245	0.203	0.255	0.201	0.199	0.246	0.224	0.237	0.188	0.245	0.24	0.201	0.249	0.204	0.259	0.203	0.197	0.245	0.201	0.25	0.191	0.242	0.239	0.204	0.243	0.212	0.244	0.206	0.206	0.236	0.209	0.242	0.192	0.248	0.243	0.195	0.246	0.201	0.254	0.212	0.2	0.243	0.205	0.247	0.196	0.239	0.249	0.198	0.239	0.199	0.259	0.223	0.204	0.243	0.202	0.245	0.204	0.255	0.246	0.209	0.255	0.212	0.246	0.203	0.195	0.24	0.195	0.242	0.195	0.251	0.236	0.202	0.242	0.208	0.248	0.198	0.203	0.247	0.198	0.245	0.189	0.242	0.243	0.203	0.247	0.21	0.239	0.211
Plate_2	1	0.19	0.266	0.193	0.262	0.197	0.26	0.267	0.2	0.266	0.201	0.275	0.201	0.198	0.27	0.216	0.254	0.189	0.27	0.262	0.201	0.265	0.204	0.278	0.203	0.197	0.264	0.203	0.267	0.191	0.27	0.267	0.203	0.262	0.209	0.269	0.205	0.205	0.257	0.209	0.262	0.192	0.274	0.275	0.195	0.266	0.203	0.274	0.207	0.199	0.267	0.204	0.265	0.196	0.26	0.268	0.199	0.257	0.199	0.279	0.216	0.201	0.265	0.2	0.265	0.204	0.275	0.269	0.209	0.271	0.211	0.271	0.202	0.194	0.272	0.194	0.259	0.194	0.27	0.259	0.203	0.26	0.207	0.276	0.198	0.201	0.281	0.198	0.269	0.189	0.27	0.273	0.201	0.272	0.207	0.272	0.208
Plate_2	2	0.189	0.307	0.192	0.302	0.197	0.301	0.31	0.199	0.311	0.201	0.316	0.2	0.198	0.307	0.214	0.289	0.19	0.315	0.31	0.201	0.305	0.202	0.324	0.207	0.198	0.298	0.203	0.3	0.191	0.313	0.309	0.201	0.298	0.209	0.315	0.204	0.205	0.294	0.208	0.301	0.192	0.316	0.326	0.196	0.307	0.202	0.321	0.205	0.199	0.307	0.204	0.297	0.196	0.297	0.309	0.199	0.291	0.199	0.322	0.213	0.2	0.304	0.2	0.3	0.204	0.321	0.327	0.207	0.306	0.21	0.315	0.202	0.194	0.324	0.195	0.303	0.194	0.316	0.308	0.202	0.309	0.207	0.323	0.198	0.201	0.325	0.198	0.313	0.19	0.327	0.338	0.201	0.318	0.209	0.332	0.208
Plate_2	3	0.189	0.363	0.192	0.364	0.197	0.372	0.381	0.199	0.382	0.2	0.375	0.199	0.198	0.366	0.213	0.352	0.19	0.399	0.404	0.202	0.369	0.202	0.396	0.202	0.198	0.361	0.203	0.357	0.191	0.36	0.355	0.201	0.352	0.207	0.395	0.204	0.205	0.364	0.208	0.367	0.192	0.362	0.378	0.196	0.378	0.202	0.406	0.204	0.199	0.371	0.204	0.349	0.196	0.357	0.369	0.199	0.344	0.199	0.394	0.211	0.2	0.366	0.199	0.357	0.204	0.399	0.421	0.207	0.365	0.21	0.399	0.202	0.194	0.385	0.195	0.4	0.194	0.408	0.4	0.201	0.409	0.206	0.386	0.198	0.201	0.391	0.198	0.378	0.19	0.416	0.445	0.201	0.392	0.21	0.426	0.207
Plate_2	4	0.189	0.414	0.194	0.437	0.196	0.427	0.436	0.198	0.453	0.2	0.418	0.199	0.198	0.42	0.211	0.411	0.19	0.461	0.464	0.201	0.421	0.202	0.441	0.202	0.198	0.428	0.203	0.423	0.191	0.403	0.4	0.202	0.42	0.206	0.462	0.204	0.204	0.431	0.207	0.442	0.192	0.408	0.425	0.196	0.453	0.202	0.466	0.204	0.2	0.429	0.203	0.404	0.196	0.405	0.405	0.199	0.392	0.199	0.447	0.21	0.199	0.423	0.199	0.41	0.204	0.448	0.468	0.207	0.42	0.21	0.444	0.202	0.194	0.44	0.195	0.497	0.194	0.472	0.465	0.201	0.499	0.205	0.438	0.198	0.201	0.438	0.198	0.435	0.191	0.468	0.498	0.201	0.444	0.215	0.473	0.207
Plate_2	5	0.189	0.489	0.192	0.54	0.196	0.51	0.526	0.198	0.554	0.2	0.485	0.199	0.198	0.492	0.21	0.48	0.19	0.532	0.534	0.201	0.493	0.201	0.505	0.202	0.198	0.495	0.203	0.503	0.191	0.467	0.467	0.201	0.502	0.205	0.528	0.204	0.203	0.489	0.207	0.524	0.192	0.48	0.507	0.196	0.531	0.201	0.518	0.203	0.199	0.494	0.202	0.454	0.196	0.451	0.458	0.199	0.441	0.198	0.496	0.209	0.199	0.486	0.199	0.466	0.204	0.51	0.532	0.206	0.471	0.209	0.5	0.202	0.194	0.525	0.195	0.588	0.194	0.536	0.532	0.201	0.589	0.205	0.517	0.198	0.2	0.492	0.198	0.51	0.19	0.554	0.584	0.201	0.518	0.212	0.521	0.207
Plate_2	6	0.189	0.59	0.192	0.638	0.196	0.61	0.623	0.198	0.646	0.2	0.579	0.198	0.198	0.596	0.209	0.558	0.19	0.625	0.629	0.201	0.572	0.201	0.602	0.202	0.198	0.589	0.203	0.592	0.191	0.565	0.562	0.201	0.59	0.205	0.616	0.204	0.203	0.576	0.207	0.609	0.192	0.579	0.611	0.196	0.612	0.201	0.595	0.203	0.2	0.585	0.202	0.525	0.196	0.526	0.534	0.199	0.512	0.199	0.577	0.208	0.199	0.58	0.199	0.551	0.204	0.591	0.611	0.205	0.554	0.208	0.588	0.202	0.194	0.63	0.195	0.665	0.194	0.612	0.614	0.201	0.658	0.205	0.62	0.198	0.202	0.572	0.198	0.603	0.191	0.648	0.674	0.201	0.611	0.213	0.595	0.207
Plate_2	7	0.189	0.671	0.192	0.691	0.196	0.678	0.683	0.198	0.691	0.199	0.655	0.198	0.198	0.676	0.208	0.635	0.19	0.696	0.697	0.201	0.647	0.201	0.679	0.202	0.198	0.673	0.203	0.667	0.191	0.654	0.653	0.202	0.667	0.205	0.689	0.204	0.204	0.659	0.207	0.675	0.192	0.666	0.687	0.196	0.679	0.201	0.672	0.202	0.2	0.67	0.202	0.611	0.197	0.616	0.623	0.199	0.6	0.198	0.66	0.206	0.199	0.665	0.199	0.64	0.204	0.665	0.68	0.204	0.641	0.208	0.668	0.202	0.194	0.699	0.195	0.716	0.194	0.683	0.681	0.201	0.708	0.204	0.687	0.197	0.2	0.646	0.198	0.685	0.191	0.699	0.717	0.2	0.692	0.215	0.664	0.207
Plate_2	8	0.189	0.687	0.192	0.699	0.196	0.689	0.693	0.197	0.701	0.199	0.672	0.198	0.198	0.697	0.208	0.693	0.19	0.704	0.702	0.202	0.696	0.201	0.692	0.201	0.199	0.706	0.202	0.718	0.191	0.694	0.691	0.202	0.714	0.204	0.703	0.204	0.204	0.701	0.207	0.727	0.192	0.691	0.694	0.196	0.728	0.201	0.714	0.201	0.2	0.707	0.202	0.685	0.196	0.68	0.683	0.199	0.676	0.199	0.697	0.205	0.199	0.697	0.199	0.705	0.203	0.699	0.704	0.203	0.702	0.208	0.691	0.202	0.194	0.711	0.195	0.729	0.194	0.705	0.696	0.203	0.724	0.204	0.698	0.197	0.201	0.679	0.198	0.713	0.191	0.705	0.722	0.203	0.715	0.209	0.693	0.207
Plate_2	9	0.189	0.706	0.192	0.718	0.195	0.707	0.71	0.198	0.72	0.199	0.689	0.198	0.198	0.715	0.207	0.699	0.19	0.717	0.713	0.202	0.705	0.201	0.713	0.201	0.199	0.715	0.202	0.733	0.191	0.701	0.701	0.202	0.733	0.204	0.716	0.204	0.205	0.706	0.206	0.745	0.192	0.703	0.709	0.196	0.746	0.201	0.717	0.201	0.2	0.715	0.202	0.704	0.196	0.692	0.69	0.199	0.695	0.199	0.702	0.205	0.199	0.71	0.199	0.715	0.203	0.705	0.712	0.203	0.711	0.208	0.706	0.202	0.194	0.728	0.195	0.741	0.194	0.71	0.707	0.201	0.735	0.204	0.713	0.197	0.2	0.689	0.199	0.73	0.191	0.727	0.744	0.2	0.735	0.205	0.702	0.207
Plate_2	10	0.189	0.726	0.193	0.733	0.195	0.725	0.726	0.197	0.734	0.199	0.71	0.198	0.197	0.732	0.206	0.71	0.19	0.734	0.73	0.202	0.715	0.201	0.733	0.201	0.199	0.734	0.202	0.747	0.191	0.717	0.715	0.202	0.745	0.204	0.732	0.204	0.203	0.724	0.207	0.754	0.192	0.718	0.727	0.196	0.754	0.201	0.734	0.201	0.2	0.733	0.202	0.72	0.196	0.708	0.705	0.199	0.711	0.199	0.722	0.205	0.199	0.729	0.199	0.734	0.203	0.724	0.731	0.203	0.729	0.208	0.726	0.202	0.194	0.745	0.195	0.751	0.194	0.729	0.728	0.201	0.744	0.204	0.729	0.197	0.2	0.71	0.199	0.75	0.191	0.744	0.759	0.2	0.752	0.208	0.719	0.207
Plate_2	11	0.189	0.737	0.193	0.741	0.195	0.734	0.735	0.197	0.742	0.199	0.72	0.198	0.197	0.747	0.206	0.721	0.191	0.747	0.741	0.202	0.726	0.201	0.745	0.201	0.199	0.747	0.202	0.759	0.192	0.732	0.727	0.202	0.753	0.203	0.744	0.204	0.202	0.739	0.206	0.762	0.192	0.733	0.739	0.196	0.761	0.201	0.748	0.201	0.2	0.745	0.202	0.738	0.195	0.724	0.721	0.199	0.732	0.198	0.736	0.204	0.199	0.746	0.199	0.75	0.202	0.739	0.745	0.202	0.746	0.208	0.74	0.202	0.194	0.755	0.195	0.757	0.194	0.746	0.743	0.201	0.75	0.204	0.739	0.197	0.202	0.725	0.199	0.762	0.191	0.753	0.765	0.2	0.763	0.207	0.733	0.207
Plate_2	12	0.189	0.743	0.192	0.746	0.195	0.738	0.739	0.197	0.745	0.199	0.724	0.198	0.196	0.753	0.205	0.728	0.19	0.751	0.747	0.202	0.732	0.201	0.749	0.2	0.199	0.755	0.202	0.764	0.191	0.739	0.735	0.202	0.76	0.203	0.748	0.204	0.202	0.746	0.206	0.765	0.192	0.74	0.746	0.196	0.765	0.201	0.753	0.2	0.2	0.754	0.202	0.753	0.195	0.734	0.73	0.199	0.745	0.198	0.741	0.203	0.199	0.753	0.199	0.76	0.202	0.749	0.753	0.202	0.755	0.207	0.743	0.202	0.194	0.758	0.195	0.761	0.194	0.752	0.748	0.201	0.753	0.203	0.742	0.197	0.2	0.731	0.199	0.766	0.191	0.755	0.767	0.201	0.767	0.205	0.739	0.206
Plate_2	13	0.189	0.742	0.193	0.748	0.195	0.739	0.739	0.197	0.747	0.199	0.725	0.197	0.196	0.753	0.205	0.732	0.19	0.749	0.745	0.202	0.734	0.2	0.748	0.2	0.198	0.756	0.202	0.769	0.191	0.742	0.737	0.202	0.765	0.203	0.747	0.204	0.202	0.748	0.206	0.77	0.192	0.741	0.745	0.196	0.769	0.201	0.753	0.2	0.2	0.757	0.202	0.756	0.195	0.74	0.735	0.199	0.749	0.198	0.742	0.203	0.199	0.755	0.199	0.763	0.202	0.75	0.754	0.202	0.757	0.206	0.744	0.202	0.194	0.759	0.195	0.764	0.194	0.753	0.75	0.2	0.755	0.203	0.741	0.197	0.2	0.733	0.199	0.766	0.191	0.753	0.765	0.2	0.766	0.21	0.738	0.206
Plate_2	14	0.189	0.742	0.193	0.748	0.195	0.739	0.737	0.197	0.748	0.199	0.724	0.197	0.196	0.751	0.205	0.734	0.19	0.746	0.743	0.202	0.737	0.2	0.746	0.199	0.198	0.757	0.202	0.772	0.191	0.742	0.737	0.202	0.769	0.202	0.746	0.204	0.202	0.747	0.206	0.771	0.192	0.741	0.747	0.196	0.771	0.201	0.752	0.2	0.2	0.758	0.202	0.757	0.195	0.741	0.736	0.199	0.751	0.198	0.742	0.203	0.199	0.755	0.199	0.763	0.202	0.751	0.753	0.201	0.756	0.206	0.742	0.202	0.194	0.758	0.195	0.765	0.194	0.753	0.748	0.2	0.756	0.203	0.741	0.197	0.2	0.734	0.199	0.766	0.192	0.753	0.763	0.2	0.765	0.205	0.739	0.206
Plate_2	15	0.189	0.741	0.193	0.749	0.195	0.737	0.737	0.197	0.749	0.199	0.724	0.197	0.196	0.748	0.205	0.736	0.191	0.744	0.742	0.202	0.739	0.2	0.746	0.199	0.198	0.755	0.202	0.774	0.191	0.742	0.737	0.202	0.771	0.202	0.745	0.204	0.201	0.747	0.206	0.774	0.192	0.74	0.746	0.196	0.772	0.201	0.751	0.2	0.199	0.757	0.201	0.756	0.195	0.74	0.736	0.199	0.749	0.198	0.741	0.202	0.199	0.754	0.199	0.762	0.202	0.749	0.752	0.201	0.755	0.206	0.741	0.202	0.194	0.757	0.195	0.767	0.194	0.751	0.747	0.2	0.757	0.203	0.741	0.197	0.2	0.735	0.199	0.766	0.192	0.752	0.762	0.199	0.765	0.206	0.738	0.206
Plate_2	16	0.189	0.742	0.193	0.748	0.195	0.737	0.737	0.197	0.748	0.199	0.726	0.197	0.196	0.749	0.204	0.738	0.19	0.741	0.74	0.202	0.74	0.2	0.745	0.206	0.198	0.754	0.202	0.776	0.191	0.742	0.737	0.202	0.774	0.202	0.745	0.203	0.201	0.746	0.205	0.775	0.192	0.74	0.745	0.196	0.773	0.201	0.75	0.2	0.199	0.755	0.201	0.755	0.195	0.74	0.733	0.199	0.749	0.198	0.741	0.202	0.199	0.753	0.199	0.761	0.202	0.747	0.75	0.201	0.755	0.205	0.74	0.202	0.194	0.758	0.196	0.768	0.194	0.749	0.746	0.199	0.758	0.203	0.741	0.197	0.204	0.736	0.198	0.767	0.192	0.753	0.763	0.201	0.765	0.204	0.739	0.206
Plate_2	17	0.19	0.742	0.192	0.749	0.195	0.737	0.738	0.197	0.75	0.198	0.727	0.197	0.196	0.749	0.203	0.739	0.191	0.74	0.738	0.202	0.74	0.199	0.747	0.199	0.198	0.754	0.202	0.778	0.192	0.742	0.737	0.202	0.777	0.202	0.745	0.203	0.201	0.746	0.204	0.775	0.192	0.74	0.745	0.196	0.775	0.201	0.749	0.2	0.199	0.755	0.2	0.754	0.195	0.739	0.734	0.199	0.748	0.198	0.741	0.201	0.199	0.753	0.199	0.76	0.202	0.746	0.749	0.2	0.754	0.204	0.74	0.202	0.194	0.76	0.196	0.77	0.194	0.749	0.745	0.199	0.759	0.203	0.743	0.197	0.2	0.738	0.198	0.766	0.192	0.755	0.764	0.199	0.764	0.205	0.74	0.205
Plate_2	18	0.189	0.745	0.192	0.751	0.195	0.739	0.739	0.196	0.75	0.198	0.73	0.197	0.196	0.752	0.203	0.74	0.19	0.74	0.737	0.202	0.74	0.199	0.747	0.199	0.198	0.756	0.202	0.78	0.191	0.743	0.739	0.201	0.779	0.202	0.745	0.202	0.201	0.746	0.203	0.777	0.192	0.74	0.745	0.196	0.776	0.201	0.749	0.199	0.198	0.757	0.199	0.755	0.195	0.738	0.733	0.198	0.749	0.198	0.742	0.201	0.199	0.754	0.199	0.761	0.202	0.748	0.75	0.2	0.755	0.204	0.742	0.202	0.194	0.759	0.196	0.771	0.193	0.75	0.746	0.198	0.761	0.203	0.742	0.197	0.2	0.74	0.198	0.769	0.192	0.758	0.767	0.201	0.766	0.208	0.741	0.205
Plate_2	19	0.189	0.748	0.192	0.753	0.195	0.74	0.741	0.196	0.753	0.198	0.732	0.197	0.197	0.753	0.203	0.74	0.19	0.743	0.742	0.202	0.741	0.199	0.748	0.202	0.198	0.756	0.202	0.782	0.191	0.742	0.739	0.201	0.779	0.202	0.748	0.202	0.2	0.748	0.202	0.779	0.192	0.74	0.744	0.196	0.777	0.201	0.751	0.199	0.198	0.758	0.198	0.756	0.195	0.742	0.737	0.198	0.749	0.197	0.744	0.2	0.199	0.757	0.199	0.762	0.202	0.748	0.751	0.2	0.753	0.203	0.744	0.202	0.194	0.761	0.196	0.774	0.194	0.751	0.748	0.198	0.763	0.203	0.746	0.197	0.2	0.741	0.198	0.772	0.192	0.76	0.769	0.198	0.77	0.208	0.745	0.204
Plate_2	20	0.189	0.752	0.192	0.753	0.195	0.741	0.743	0.196	0.755	0.198	0.733	0.196	0.196	0.757	0.202	0.74	0.19	0.744	0.742	0.201	0.742	0.199	0.75	0.199	0.198	0.757	0.201	0.785	0.191	0.742	0.74	0.201	0.779	0.201	0.748	0.202	0.2	0.75	0.202	0.783	0.192	0.741	0.746	0.196	0.778	0.2	0.751	0.199	0.198	0.762	0.198	0.757	0.195	0.743	0.738	0.198	0.75	0.197	0.746	0.2	0.199	0.759	0.199	0.766	0.202	0.75	0.753	0.2	0.757	0.203	0.746	0.202	0.194	0.764	0.196	0.777	0.194	0.753	0.749	0.198	0.766	0.202	0.748	0.197	0.204	0.745	0.198	0.774	0.192	0.762	0.77	0.198	0.773	0.206	0.747	0.204
Plate_2	21	0.189	0.754	0.192	0.758	0.195	0.745	0.745	0.196	0.759	0.198	0.736	0.197	0.197	0.76	0.202	0.742	0.191	0.747	0.745	0.202	0.745	0.199	0.753	0.199	0.198	0.76	0.201	0.785	0.192	0.745	0.743	0.201	0.783	0.201	0.751	0.202	0.2	0.753	0.201	0.783	0.192	0.743	0.747	0.196	0.78	0.2	0.754	0.199	0.198	0.764	0.198	0.76	0.195	0.742	0.739	0.198	0.753	0.197	0.75	0.2	0.199	0.761	0.2	0.766	0.202	0.751	0.756	0.2	0.76	0.203	0.749	0.202	0.194	0.767	0.196	0.779	0.194	0.755	0.751	0.197	0.768	0.202	0.751	0.197	0.2	0.748	0.198	0.776	0.192	0.764	0.775	0.201	0.775	0.21	0.75	0.204
Plate_2	22	0.19	0.757	0.192	0.76	0.195	0.746	0.746	0.196	0.762	0.197	0.738	0.197	0.196	0.762	0.202	0.744	0.19	0.748	0.744	0.202	0.746	0.198	0.754	0.199	0.198	0.763	0.201	0.788	0.191	0.746	0.743	0.201	0.784	0.201	0.753	0.202	0.2	0.755	0.201	0.784	0.192	0.744	0.747	0.196	0.782	0.2	0.755	0.199	0.198	0.766	0.198	0.763	0.195	0.747	0.742	0.198	0.755	0.196	0.752	0.2	0.199	0.764	0.199	0.769	0.202	0.753	0.757	0.2	0.762	0.203	0.751	0.202	0.194	0.769	0.196	0.784	0.194	0.757	0.753	0.197	0.772	0.202	0.753	0.197	0.2	0.75	0.198	0.779	0.192	0.767	0.776	0.198	0.778	0.206	0.753	0.204
Plate_2	23	0.19	0.761	0.192	0.763	0.195	0.748	0.749	0.196	0.764	0.198	0.742	0.197	0.197	0.764	0.201	0.746	0.191	0.75	0.747	0.202	0.749	0.198	0.757	0.199	0.198	0.764	0.201	0.791	0.192	0.75	0.746	0.201	0.788	0.201	0.755	0.202	0.2	0.757	0.201	0.786	0.193	0.746	0.75	0.196	0.784	0.2	0.758	0.199	0.198	0.769	0.198	0.765	0.195	0.749	0.746	0.198	0.758	0.196	0.754	0.2	0.199	0.767	0.199	0.771	0.202	0.755	0.757	0.2	0.764	0.205	0.754	0.202	0.194	0.773	0.195	0.785	0.194	0.759	0.755	0.197	0.774	0.202	0.756	0.197	0.2	0.754	0.198	0.782	0.192	0.769	0.779	0.2	0.782	0.21	0.756	0.204
Plate_2	24	0.189	0.764	0.192	0.767	0.195	0.75	0.751	0.196	0.769	0.198	0.745	0.197	0.197	0.767	0.201	0.749	0.19	0.751	0.748	0.202	0.752	0.198	0.76	0.198	0.198	0.766	0.201	0.794	0.192	0.751	0.75	0.201	0.791	0.201	0.757	0.201	0.2	0.759	0.201	0.788	0.193	0.75	0.754	0.195	0.786	0.2	0.76	0.198	0.198	0.771	0.197	0.768	0.195	0.752	0.75	0.198	0.761	0.196	0.757	0.199	0.199	0.769	0.199	0.773	0.202	0.757	0.76	0.2	0.768	0.202	0.758	0.202	0.194	0.776	0.195	0.789	0.194	0.761	0.757	0.197	0.778	0.202	0.761	0.197	0.2	0.758	0.198	0.787	0.192	0.773	0.783	0.198	0.786	0.206	0.761	0.204
Plate_3	0	0.201	0.252	0.2	0.248	0.192	0.239	0.248	0.201	0.268	0.218	0.243	0.207	0.199	0.254	0.202	0.246	0.195	0.241	0.246	0.208	0.251	0.208	0.235	0.198	0.199	0.244	0.209	0.245	0.19	0.238	0.239	0.208	0.242	0.221	0.24	0.196	0.203	0.242	0.196	0.242	0.193	0.242	0.237	0.211	0.239	0.2	0.237	0.2	0.212	0.253	0.199	0.234	0.203	0.242	0.239	0.206	0.25	0.203	0.249	0.212	0.205	0.244	0.191	0.253	0.216	0.239	0.245	0.2	0.257	0.197	0.235	0.209	0.2	0.242	0.211	0.25	0.186	0.244	0.24	0.189	0.248	0.206	0.257	0.221	0.197	0.23	0.2	0.24	0.185	0.238	0.239	0.195	0.245	0.2	0.239	0.219
Plate_3	1	0.2	0.274	0.199	0.267	0.192	0.26	0.272	0.201	0.284	0.217	0.262	0.206	0.198	0.273	0.198	0.259	0.195	0.261	0.265	0.206	0.266	0.204	0.255	0.197	0.198	0.261	0.206	0.265	0.189	0.262	0.263	0.208	0.263	0.212	0.259	0.196	0.201	0.261	0.195	0.261	0.193	0.264	0.263	0.21	0.259	0.2	0.256	0.2	0.207	0.267	0.198	0.251	0.202	0.258	0.258	0.203	0.265	0.202	0.268	0.211	0.203	0.264	0.191	0.265	0.214	0.255	0.264	0.2	0.272	0.197	0.256	0.209	0.199	0.268	0.206	0.265	0.187	0.262	0.26	0.189	0.265	0.207	0.28	0.217	0.195	0.258	0.197	0.26	0.185	0.264	0.265	0.195	0.267	0.2	0.264	0.216
Plate_3	2	0.2	0.299	0.198	0.298	0.192	0.292	0.305	0.201	0.311	0.216	0.289	0.206	0.198	0.298	0.198	0.284	0.194	0.288	0.287	0.205	0.288	0.202	0.281	0.197	0.196	0.284	0.206	0.289	0.19	0.293	0.294	0.209	0.288	0.211	0.28	0.196	0.2	0.284	0.195	0.288	0.193	0.294	0.295	0.209	0.286	0.2	0.277	0.2	0.204	0.292	0.197	0.272	0.201	0.276	0.279	0.203	0.284	0.202	0.288	0.211	0.203	0.29	0.19	0.284	0.212	0.281	0.286	0.199	0.296	0.196	0.281	0.208	0.199	0.302	0.204	0.291	0.187	0.285	0.283	0.189	0.29	0.207	0.31	0.215	0.195	0.289	0.196	0.288	0.185	0.295	0.298	0.194	0.3	0.2	0.294	0.215
Plate_3	3	0.199	0.334	0.198	0.344	0.192	0.335	0.352	0.2	0.35	0.216	0.333	0.206	0.198	0.332	0.198	0.321	0.195	0.33	0.321	0.205	0.326	0.202	0.323	0.198	0.196	0.314	0.205	0.329	0.19	0.323	0.328	0.209	0.326	0.21	0.317	0.197	0.2	0.319	0.195	0.332	0.193	0.332	0.331	0.209	0.327	0.2	0.325	0.2	0.204	0.323	0.196	0.302	0.201	0.305	0.307	0.202	0.308	0.202	0.316	0.211	0.203	0.326	0.19	0.314	0.211	0.317	0.324	0.198	0.328	0.2	0.32	0.207	0.199	0.345	0.204	0.351	0.187	0.329	0.32	0.189	0.349	0.207	0.348	0.215	0.195	0.34	0.195	0.333	0.185	0.356	0.351	0.195	0.34	0.2	0.337	0.215
Plate_3	4	0.2	0.377	0.198	0.397	0.192	0.387	0.407	0.201	0.403	0.215	0.383	0.206	0.198	0.378	0.198	0.37	0.195	0.386	0.379	0.205	0.381	0.201	0.375	0.198	0.196	0.352	0.205	0.376	0.19	0.36	0.366	0.209	0.375	0.209	0.377	0.197	0.2	0.377	0.195	0.387	0.193	0.37	0.372	0.209	0.381	0.2	0.386	0.201	0.204	0.363	0.196	0.345	0.201	0.346	0.346	0.201	0.349	0.203	0.356	0.211	0.202	0.374	0.19	0.358	0.211	0.366	0.371	0.198	0.367	0.197	0.367	0.206	0.199	0.389	0.204	0.424	0.187	0.392	0.376	0.19	0.42	0.207	0.391	0.214	0.195	0.38	0.195	0.378	0.186	0.401	0.397	0.194	0.386	0.2	0.381	0.215
Plate_3	5	0.199	0.417	0.198	0.464	0.192	0.439	0.46	0.2	0.471	0.214	0.421	0.206	0.198	0.416	0.198	0.421	0.195	0.43	0.424	0.205	0.432	0.201	0.41	0.198	0.196	0.394	0.205	0.436	0.19	0.398	0.404	0.209	0.438	0.209	0.417	0.197	0.199	0.419	0.195	0.45	0.193	0.411	0.416	0.208	0.445	0.201	0.419	0.201	0.203	0.405	0.196	0.382	0.201	0.381	0.379	0.201	0.386	0.202	0.396	0.211	0.202	0.414	0.19	0.398	0.211	0.407	0.417	0.198	0.405	0.197	0.406	0.205	0.199	0.44	0.202	0.498	0.187	0.43	0.422	0.19	0.491	0.207	0.439	0.214	0.195	0.407	0.195	0.424	0.186	0.452	0.453	0.194	0.433	0.2	0.41	0.215
Plate_3	6	0.199	0.488	0.198	0.556	0.192	0.519	0.541	0.2	0.561	0.214	0.484	0.206	0.198	0.481	0.198	0.482	0.195	0.491	0.489	0.205	0.493	0.2	0.474	0.198	0.196	0.457	0.205	0.506	0.19	0.461	0.466	0.209	0.508	0.207	0.478	0.197	0.199	0.478	0.194	0.523	0.193	0.478	0.49	0.208	0.518	0.2	0.466	0.201	0.203	0.47	0.196	0.426	0.201	0.425	0.43	0.201	0.427	0.203	0.458	0.211	0.202	0.476	0.19	0.45	0.21	0.471	0.487	0.198	0.458	0.197	0.469	0.205	0.199	0.518	0.203	0.577	0.188	0.488	0.484	0.19	0.568	0.207	0.516	0.213	0.195	0.456	0.195	0.493	0.186	0.533	0.534	0.194	0.506	0.2	0.462	0.215
Plate_3	7	0.2	0.567	0.198	0.634	0.192	0.601	0.618	0.2	0.636	0.214	0.561	0.206	0.198	0.562	0.198	0.552	0.195	0.569	0.568	0.205	0.561	0.2	0.551	0.198	0.196	0.538	0.205	0.58	0.19	0.538	0.544	0.209	0.584	0.207	0.554	0.197	0.2	0.553	0.194	0.595	0.193	0.561	0.574	0.207	0.591	0.2	0.536	0.201	0.202	0.546	0.194	0.491	0.201	0.491	0.498	0.2	0.493	0.203	0.533	0.211	0.202	0.552	0.19	0.522	0.21	0.546	0.564	0.198	0.531	0.197	0.546	0.205	0.199	0.596	0.203	0.642	0.188	0.557	0.555	0.19	0.634	0.207	0.596	0.211	0.195	0.521	0.195	0.571	0.187	0.6	0.597	0.195	0.586	0.201	0.528	0.215
Plate_3	8	0.2	0.608	0.198	0.644	0.192	0.618	0.624	0.2	0.643	0.214	0.598	0.206	0.199	0.604	0.198	0.616	0.195	0.606	0.598	0.205	0.624	0.199	0.593	0.198	0.196	0.602	0.204	0.64	0.19	0.606	0.609	0.209	0.647	0.206	0.6	0.197	0.199	0.616	0.194	0.649	0.194	0.613	0.607	0.207	0.648	0.2	0.603	0.201	0.202	0.602	0.194	0.562	0.201	0.565	0.572	0.201	0.563	0.203	0.596	0.211	0.202	0.6	0.19	0.596	0.21	0.604	0.61	0.198	0.604	0.197	0.588	0.205	0.199	0.605	0.203	0.671	0.188	0.612	0.605	0.191	0.664	0.207	0.607	0.21	0.195	0.578	0.195	0.637	0.187	0.595	0.591	0.195	0.647	0.201	0.586	0.214
Plate_3	9	0.199	0.602	0.198	0.648	0.193	0.612	0.619	0.2	0.646	0.213	0.594	0.206	0.199	0.599	0.198	0.656	0.195	0.599	0.593	0.204	0.66	0.198	0.588	0.198	0.196	0.597	0.204	0.677	0.19	0.602	0.602	0.208	0.685	0.206	0.591	0.197	0.199	0.611	0.194	0.69	0.194	0.608	0.597	0.206	0.689	0.2	0.61	0.201	0.201	0.598	0.194	0.626	0.201	0.599	0.591	0.201	0.628	0.203	0.592	0.21	0.202	0.595	0.19	0.643	0.21	0.597	0.6	0.198	0.646	0.197	0.583	0.203	0.199	0.596	0.203	0.671	0.188	0.597	0.589	0.191	0.665	0.207	0.595	0.209	0.195	0.581	0.195	0.655	0.187	0.591	0.586	0.194	0.663	0.201	0.585	0.214
Plate_3	10	0.2	0.601	0.198	0.657	0.193	0.611	0.618	0.199	0.655	0.213	0.589	0.206	0.199	0.596	0.198	0.66	0.194	0.592	0.587	0.204	0.663	0.198	0.582	0.199	0.196	0.594	0.204	0.686	0.191	0.593	0.594	0.208	0.695	0.205	0.585	0.197	0.198	0.605	0.194	0.703	0.194	0.601	0.586	0.206	0.702	0.2	0.602	0.202	0.201	0.595	0.194	0.645	0.201	0.599	0.589	0.2	0.647	0.203	0.59	0.211	0.202	0.59	0.19	0.656	0.209	0.593	0.596	0.198	0.659	0.197	0.578	0.203	0.199	0.587	0.202	0.676	0.188	0.585	0.58	0.191	0.672	0.207	0.586	0.209	0.196	0.577	0.195	0.673	0.187	0.583	0.578	0.194	0.682	0.201	0.581	0.214
Plate_3	11	0.2	0.595	0.198	0.665	0.193	0.613	0.619	0.199	0.663	0.213	0.58	0.206	0.199	0.588	0.198	0.666	0.195	0.582	0.576	0.204	0.669	0.197	0.574	0.199	0.196	0.589	0.204	0.695	0.191	0.584	0.585	0.208	0.702	0.205	0.58	0.197	0.198	0.598	0.194	0.711	0.194	0.591	0.573	0.205	0.709	0.2	0.594	0.201	0.201	0.59	0.194	0.661	0.201	0.599	0.587	0.201	0.664	0.203	0.583	0.211	0.202	0.583	0.19	0.673	0.21	0.589	0.594	0.198	0.678	0.197	0.568	0.203	0.199	0.58	0.202	0.683	0.188	0.58	0.577	0.191	0.678	0.207	0.58	0.208	0.196	0.576	0.195	0.689	0.188	0.576	0.571	0.195	0.697	0.201	0.576	0.214
Plate_3	12	0.2	0.581	0.198	0.67	0.193	0.614	0.621	0.2	0.67	0.213	0.57	0.206	0.199	0.584	0.197	0.671	0.195	0.573	0.565	0.204	0.674	0.197	0.566	0.199	0.196	0.589	0.204	0.701	0.191	0.577	0.578	0.208	0.709	0.205	0.579	0.197	0.198	0.599	0.195	0.716	0.194	0.582	0.563	0.205	0.714	0.2	0.592	0.202	0.201	0.589	0.194	0.677	0.201	0.598	0.584	0.201	0.679	0.203	0.581	0.211	0.202	0.578	0.19	0.687	0.209	0.588	0.594	0.198	0.691	0.197	0.563	0.203	0.199	0.581	0.202	0.687	0.188	0.581	0.58	0.191	0.682	0.207	0.581	0.207	0.196	0.578	0.196	0.697	0.188	0.573	0.569	0.195	0.703	0.201	0.576	0.214
Plate_3	13	0.2	0.582	0.198	0.676	0.193	0.618	0.624	0.2	0.676	0.213	0.569	0.206	0.199	0.584	0.198	0.675	0.195	0.568	0.561	0.204	0.68	0.197	0.566	0.199	0.196	0.592	0.204	0.706	0.191	0.579	0.579	0.208	0.714	0.205	0.582	0.197	0.198	0.604	0.194	0.719	0.194	0.582	0.565	0.205	0.718	0.2	0.594	0.202	0.201	0.592	0.194	0.688	0.201	0.599	0.583	0.2	0.691	0.203	0.585	0.211	0.202	0.578	0.19	0.695	0.209	0.591	0.599	0.198	0.698	0.197	0.564	0.203	0.2	0.586	0.202	0.692	0.189	0.587	0.586	0.191	0.687	0.207	0.587	0.207	0.196	0.583	0.196	0.7	0.188	0.575	0.572	0.195	0.706	0.201	0.58	0.214
Plate_3	14	0.2	0.584	0.198	0.679	0.193	0.621	0.628	0.2	0.679	0.213	0.57	0.206	0.199	0.587	0.198	0.678	0.195	0.57	0.562	0.204	0.681	0.197	0.567	0.199	0.197	0.596	0.204	0.709	0.191	0.584	0.585	0.208	0.717	0.204	0.584	0.197	0.198	0.609	0.195	0.722	0.194	0.589	0.578	0.205	0.722	0.2	0.596	0.203	0.201	0.597	0.195	0.692	0.201	0.604	0.584	0.2	0.696	0.203	0.586	0.21	0.201	0.581	0.19	0.697	0.209	0.597	0.606	0.199	0.7	0.197	0.566	0.203	0.2	0.593	0.202	0.696	0.189	0.591	0.591	0.192	0.689	0.207	0.592	0.207	0.196	0.587	0.196	0.699	0.188	0.58	0.574	0.195	0.705	0.202	0.583	0.214
Plate_3	15	0.2	0.584	0.197	0.681	0.193	0.625	0.63	0.2	0.682	0.212	0.572	0.206	0.199	0.588	0.198	0.68	0.195	0.567	0.561	0.203	0.683	0.197	0.569	0.199	0.196	0.599	0.203	0.712	0.191	0.588	0.596	0.208	0.718	0.204	0.586	0.197	0.198	0.612	0.194	0.724	0.194	0.594	0.584	0.205	0.724	0.2	0.6	0.202	0.201	0.6	0.194	0.693	0.201	0.609	0.593	0.2	0.696	0.203	0.588	0.21	0.201	0.585	0.19	0.698	0.209	0.603	0.61	0.199	0.7	0.197	0.57	0.203	0.2	0.598	0.202	0.698	0.189	0.595	0.594	0.192	0.691	0.207	0.597	0.206	0.196	0.591	0.195	0.699	0.188	0.581	0.578	0.195	0.702	0.201	0.588	0.214
Plate_3	16	0.2	0.587	0.197	0.679	0.193	0.623	0.631	0.2	0.684	0.212	0.573	0.206	0.199	0.591	0.197	0.681	0.195	0.571	0.561	0.203	0.683	0.197	0.57	0.199	0.197	0.602	0.203	0.711	0.191	0.595	0.594	0.208	0.721	0.204	0.587	0.197	0.198	0.614	0.194	0.726	0.194	0.605	0.587	0.205	0.724	0.2	0.601	0.202	0.201	0.603	0.194	0.692	0.201	0.617	0.596	0.2	0.694	0.203	0.592	0.21	0.201	0.587	0.19	0.696	0.209	0.608	0.614	0.198	0.697	0.197	0.571	0.203	0.199	0.604	0.202	0.7	0.189	0.598	0.598	0.192	0.692	0.207	0.6	0.207	0.196	0.594	0.196	0.695	0.188	0.581	0.578	0.195	0.702	0.202	0.588	0.213
Plate_3	17	0.2	0.587	0.197	0.682	0.193	0.626	0.631	0.199	0.683	0.212	0.572	0.206	0.2	0.592	0.198	0.682	0.195	0.572	0.562	0.203	0.684	0.197	0.57	0.199	0.197	0.603	0.203	0.712	0.191	0.596	0.601	0.208	0.724	0.204	0.587	0.197	0.198	0.615	0.195	0.727	0.194	0.61	0.59	0.205	0.724	0.2	0.601	0.202	0.2	0.604	0.195	0.689	0.201	0.62	0.602	0.2	0.693	0.203	0.593	0.21	0.201	0.59	0.19	0.692	0.209	0.611	0.618	0.198	0.694	0.197	0.572	0.203	0.2	0.606	0.202	0.701	0.189	0.601	0.599	0.192	0.696	0.207	0.604	0.206	0.196	0.595	0.195	0.692	0.189	0.583	0.58	0.195	0.697	0.202	0.589	0.213
Plate_3	18	0.2	0.587	0.197	0.682	0.193	0.625	0.632	0.199	0.682	0.212	0.573	0.206	0.2	0.593	0.197	0.682	0.195	0.575	0.565	0.203	0.685	0.196	0.571	0.199	0.197	0.604	0.202	0.713	0.192	0.604	0.604	0.208	0.723	0.203	0.589	0.197	0.198	0.615	0.195	0.726	0.194	0.614	0.595	0.205	0.727	0.2	0.601	0.202	0.2	0.605	0.194	0.687	0.202	0.625	0.607	0.199	0.691	0.203	0.595	0.21	0.201	0.589	0.19	0.692	0.208	0.613	0.621	0.198	0.692	0.197	0.575	0.203	0.2	0.61	0.202	0.703	0.189	0.602	0.6	0.192	0.697	0.207	0.608	0.206	0.196	0.593	0.195	0.692	0.189	0.585	0.58	0.195	0.696	0.202	0.59	0.213
Plate_3	19	0.2	0.587	0.197	0.68	0.193	0.625	0.631	0.199	0.681	0.212	0.572	0.205	0.2	0.593	0.197	0.683	0.195	0.574	0.566	0.203	0.686	0.196	0.572	0.199	0.196	0.605	0.202	0.717	0.191	0.604	0.607	0.208	0.723	0.202	0.589	0.197	0.198	0.616	0.195	0.727	0.194	0.617	0.598	0.204	0.727	0.2	0.601	0.202	0.2	0.605	0.194	0.685	0.202	0.627	0.61	0.199	0.69	0.203	0.596	0.21	0.2	0.59	0.19	0.691	0.208	0.616	0.623	0.198	0.691	0.196	0.575	0.202	0.2	0.611	0.202	0.703	0.19	0.601	0.601	0.192	0.698	0.207	0.609	0.206	0.196	0.594	0.195	0.69	0.189	0.585	0.58	0.195	0.693	0.202	0.588	0.213
Plate_3	20	0.199	0.584	0.197	0.68	0.193	0.624	0.63	0.199	0.68	0.212	0.57	0.205	0.2	0.593	0.197	0.683	0.195	0.574	0.566	0.203	0.686	0.195	0.571	0.199	0.196	0.605	0.202	0.716	0.191	0.604	0.606	0.207	0.722	0.202	0.588	0.197	0.198	0.614	0.195	0.726	0.194	0.618	0.6	0.204	0.728	0.2	0.6	0.202	0.2	0.604	0.194	0.682	0.202	0.628	0.613	0.199	0.686	0.203	0.595	0.21	0.2	0.59	0.19	0.687	0.208	0.616	0.624	0.199	0.687	0.196	0.574	0.202	0.199	0.612	0.202	0.704	0.19	0.601	0.6	0.192	0.699	0.207	0.609	0.205	0.196	0.593	0.196	0.691	0.189	0.585	0.578	0.195	0.695	0.202	0.586	0.213
Plate_3	21	0.199	0.582	0.197	0.679	0.194	0.622	0.627	0.199	0.679	0.212	0.568	0.205	0.2	0.592	0.197	0.683	0.195	0.573	0.565	0.203	0.688	0.195	0.569	0.199	0.196	0.604	0.202	0.717	0.192	0.605	0.606	0.207	0.723	0.201	0.586	0.197	0.198	0.612	0.195	0.727	0.194	0.618	0.597	0.204	0.727	0.2	0.598	0.202	0.2	0.603	0.194	0.683	0.202	0.628	0.611	0.199	0.685	0.203	0.594	0.21	0.201	0.589	0.19	0.688	0.208	0.617	0.623	0.199	0.687	0.197	0.572	0.202	0.199	0.611	0.202	0.706	0.189	0.6	0.598	0.192	0.7	0.207	0.607	0.206	0.196	0.59	0.195	0.692	0.189	0.583	0.578	0.195	0.695	0.202	0.584	0.213
Plate_3	22	0.199	0.583	0.197	0.678	0.194	0.62	0.626	0.199	0.679	0.212	0.568	0.205	0.2	0.59	0.197	0.683	0.195	0.573	0.565	0.203	0.689	0.196	0.569	0.2	0.196	0.602	0.202	0.716	0.192	0.604	0.605	0.207	0.722	0.201	0.585	0.197	0.199	0.612	0.195	0.727	0.194	0.618	0.599	0.204	0.726	0.2	0.594	0.203	0.201	0.602	0.195	0.683	0.202	0.627	0.612	0.199	0.685	0.203	0.593	0.21	0.201	0.587	0.19	0.688	0.208	0.616	0.622	0.199	0.689	0.199	0.572	0.202	0.2	0.611	0.202	0.707	0.19	0.599	0.598	0.192	0.701	0.207	0.605	0.205	0.196	0.588	0.196	0.693	0.19	0.58	0.576	0.195	0.697	0.202	0.582	0.213
Plate_3	23	0.199	0.579	0.197	0.677	0.194	0.619	0.624	0.199	0.679	0.212	0.564	0.204	0.2	0.588	0.197	0.686	0.195	0.571	0.564	0.203	0.689	0.196	0.566	0.2	0.196	0.6	0.201	0.716	0.192	0.602	0.603	0.207	0.724	0.201	0.583	0.197	0.198	0.609	0.195	0.729	0.194	0.617	0.6	0.203	0.727	0.2	0.592	0.202	0.2	0.599	0.194	0.681	0.202	0.624	0.61	0.199	0.687	0.203	0.589	0.21	0.201	0.585	0.19	0.688	0.208	0.615	0.619	0.199	0.688	0.197	0.569	0.202	0.2	0.608	0.202	0.709	0.19	0.596	0.596	0.193	0.702	0.207	0.604	0.205	0.196	0.587	0.196	0.694	0.19	0.578	0.573	0.195	0.699	0.202	0.579	0.213
Plate_3	24	0.199	0.58	0.197	0.678	0.194	0.619	0.623	0.198	0.68	0.212	0.563	0.204	0.2	0.586	0.197	0.685	0.194	0.57	0.564	0.202	0.691	0.195	0.563	0.2	0.196	0.597	0.201	0.718	0.192	0.6	0.602	0.207	0.726	0.201	0.58	0.197	0.198	0.606	0.195	0.73	0.194	0.615	0.601	0.203	0.727	0.2	0.591	0.202	0.2	0.596	0.194	0.683	0.202	0.621	0.608	0.199	0.688	0.203	0.586	0.21	0.201	0.582	0.191	0.688	0.208	0.61	0.617	0.199	0.689	0.197	0.566	0.202	0.2	0.606	0.202	0.71	0.19	0.594	0.595	0.193	0.704	0.207	0.6	0.205	0.196	0.585	0.196	0.696	0.19	0.575	0.57	0.195	0.701	0.202	0.578	0.213
Plate_4	0	0.195	0.252	0.19	0.253	0.199	0.254	0.247	0.201	0.263	0.208	0.243	0.205	0.198	0.243	0.209	0.233	0.205	0.255	0.244	0.202	0.248	0.211	0.233	0.202	0.198	0.254	0.199	0.252	0.197	0.247	0.245	0.219	0.244	0.204	0.238	0.199	0.196	0.239	0.219	0.255	0.2	0.262	0.238	0.208	0.25	0.199	0.242	0.2	0.199	0.242	0.197	0.241	0.201	0.241	0.248	0.2	0.239	0.193	0.245	0.198	0.189	0.243	0.219	0.246	0.201	0.242	0.237	0.207	0.26	0.208	0.25	0.204	0.203	0.24	0.215	0.25	0.196	0.242	0.256	0.209	0.246	0.203	0.246	0.202	0.2	0.234	0.203	0.249	0.193	0.24	0.238	0.193	0.24	0.197	0.241	0.205
Plate_4	1	0.195	0.269	0.191	0.272	0.199	0.272	0.269	0.2	0.279	0.206	0.266	0.205	0.198	0.263	0.208	0.248	0.205	0.272	0.263	0.202	0.269	0.209	0.252	0.202	0.197	0.27	0.199	0.272	0.198	0.271	0.269	0.218	0.265	0.203	0.258	0.199	0.197	0.258	0.214	0.273	0.201	0.279	0.263	0.208	0.267	0.198	0.258	0.2	0.199	0.263	0.198	0.259	0.201	0.263	0.271	0.2	0.256	0.194	0.264	0.198	0.189	0.265	0.213	0.265	0.201	0.264	0.261	0.207	0.277	0.207	0.27	0.203	0.203	0.271	0.205	0.266	0.195	0.261	0.271	0.208	0.263	0.203	0.274	0.201	0.198	0.264	0.203	0.27	0.193	0.269	0.267	0.193	0.263	0.198	0.265	0.209
Plate_4	2	0.195	0.295	0.191	0.301	0.199	0.303	0.308	0.2	0.31	0.206	0.299	0.203	0.198	0.291	0.206	0.275	0.205	0.301	0.297	0.202	0.287	0.209	0.277	0.203	0.197	0.29	0.198	0.297	0.198	0.298	0.297	0.218	0.292	0.203	0.281	0.2	0.196	0.286	0.212	0.308	0.201	0.308	0.292	0.208	0.302	0.197	0.279	0.2	0.199	0.296	0.198	0.291	0.202	0.306	0.318	0.2	0.281	0.194	0.303	0.198	0.189	0.307	0.212	0.304	0.202	0.302	0.303	0.207	0.3	0.206	0.295	0.2	0.204	0.311	0.204	0.309	0.195	0.287	0.294	0.208	0.294	0.203	0.307	0.201	0.198	0.311	0.203	0.309	0.193	0.328	0.341	0.193	0.305	0.199	0.304	0.204
Plate_4	3	0.194	0.33	0.191	0.355	0.199	0.361	0.373	0.2	0.359	0.205	0.357	0.203	0.197	0.34	0.205	0.327	0.205	0.365	0.371	0.202	0.337	0.209	0.329	0.203	0.198	0.328	0.198	0.339	0.198	0.333	0.334	0.216	0.335	0.202	0.323	0.199	0.197	0.349	0.211	0.36	0.201	0.348	0.334	0.207	0.342	0.197	0.33	0.2	0.199	0.361	0.198	0.341	0.202	0.375	0.384	0.2	0.322	0.194	0.368	0.198	0.19	0.382	0.212	0.363	0.202	0.365	0.378	0.207	0.338	0.206	0.344	0.2	0.203	0.362	0.204	0.398	0.195	0.352	0.348	0.208	0.361	0.203	0.348	0.201	0.199	0.392	0.202	0.373	0.193	0.428	0.432	0.193	0.368	0.199	0.377	0.204
Plate_4	4	0.195	0.375	0.191	0.411	0.198	0.409	0.417	0.2	0.413	0.203	0.394	0.203	0.197	0.389	0.205	0.378	0.205	0.414	0.418	0.202	0.384	0.208	0.371	0.203	0.198	0.38	0.198	0.39	0.199	0.373	0.374	0.216	0.385	0.202	0.373	0.2	0.197	0.407	0.211	0.412	0.201	0.386	0.374	0.207	0.395	0.197	0.382	0.2	0.199	0.408	0.198	0.385	0.202	0.407	0.414	0.2	0.365	0.194	0.41	0.199	0.19	0.427	0.211	0.405	0.202	0.405	0.413	0.207	0.38	0.206	0.39	0.2	0.204	0.406	0.203	0.466	0.196	0.41	0.4	0.208	0.429	0.203	0.389	0.201	0.199	0.43	0.203	0.413	0.193	0.465	0.467	0.194	0.407	0.199	0.412	0.204
Plate_4	5	0.194	0.417	0.191	0.473	0.198	0.455	0.467	0.2	0.479	0.203	0.43	0.203	0.197	0.423	0.204	0.424	0.205	0.446	0.452	0.202	0.433	0.208	0.406	0.203	0.198	0.419	0.198	0.453	0.199	0.41	0.413	0.216	0.447	0.201	0.413	0.199	0.197	0.437	0.21	0.471	0.201	0.422	0.416	0.206	0.454	0.197	0.412	0.2	0.199	0.441	0.198	0.414	0.202	0.423	0.429	0.2	0.396	0.194	0.436	0.199	0.19	0.456	0.211	0.433	0.202	0.439	0.45	0.207	0.416	0.206	0.428	0.199	0.203	0.455	0.203	0.53	0.196	0.446	0.44	0.207	0.502	0.203	0.439	0.201	0.199	0.446	0.203	0.453	0.193	0.492	0.506	0.194	0.452	0.199	0.432	0.204
Plate_4	6	0.194	0.488	0.191	0.559	0.199	0.53	0.544	0.2	0.564	0.202	0.492	0.203	0.197	0.48	0.204	0.481	0.205	0.5	0.51	0.203	0.491	0.207	0.469	0.203	0.198	0.477	0.198	0.523	0.199	0.475	0.479	0.216	0.519	0.201	0.475	0.199	0.197	0.488	0.208	0.541	0.201	0.489	0.49	0.206	0.527	0.199	0.458	0.201	0.2	0.497	0.198	0.449	0.202	0.452	0.465	0.2	0.437	0.194	0.483	0.198	0.191	0.507	0.211	0.481	0.202	0.502	0.514	0.207	0.475	0.207	0.493	0.199	0.204	0.533	0.203	0.604	0.196	0.499	0.5	0.207	0.579	0.202	0.518	0.201	0.199	0.49	0.203	0.52	0.193	0.563	0.572	0.194	0.519	0.199	0.476	0.206
Plate_4	7	0.195	0.566	0.192	0.63	0.199	0.604	0.613	0.2	0.632	0.203	0.565	0.203	0.198	0.558	0.204	0.549	0.206	0.571	0.582	0.203	0.559	0.207	0.548	0.203	0.198	0.552	0.198	0.597	0.199	0.549	0.555	0.214	0.593	0.201	0.552	0.199	0.197	0.558	0.208	0.61	0.202	0.568	0.571	0.206	0.603	0.197	0.527	0.2	0.2	0.566	0.199	0.51	0.202	0.51	0.526	0.2	0.502	0.195	0.551	0.198	0.191	0.577	0.211	0.551	0.203	0.574	0.585	0.207	0.547	0.206	0.568	0.2	0.204	0.613	0.203	0.663	0.196	0.569	0.572	0.208	0.64	0.202	0.594	0.201	0.202	0.548	0.203	0.596	0.194	0.616	0.617	0.194	0.598	0.2	0.539	0.204
Plate_4	8	0.195	0.599	0.192	0.635	0.198	0.613	0.612	0.2	0.634	0.202	0.592	0.203	0.198	0.602	0.204	0.613	0.205	0.601	0.599	0.203	0.621	0.207	0.581	0.203	0.199	0.611	0.198	0.657	0.199	0.605	0.606	0.214	0.651	0.201	0.592	0.199	0.198	0.619	0.208	0.663	0.202	0.612	0.592	0.206	0.649	0.197	0.592	0.2	0.2	0.615	0.198	0.579	0.202	0.577	0.591	0.2	0.574	0.194	0.604	0.198	0.191	0.612	0.21	0.623	0.203	0.616	0.609	0.207	0.618	0.205	0.592	0.199	0.203	0.615	0.203	0.685	0.196	0.612	0.607	0.208	0.663	0.201	0.594	0.201	0.207	0.6	0.203	0.656	0.194	0.623	0.605	0.195	0.653	0.199	0.59	0.208
Plate_4	9	0.195	0.596	0.192	0.641	0.199	0.609	0.607	0.2	0.639	0.203	0.589	0.203	0.198	0.598	0.205	0.651	0.206	0.595	0.593	0.202	0.65	0.206	0.578	0.203	0.199	0.606	0.199	0.691	0.2	0.598	0.598	0.214	0.681	0.201	0.586	0.199	0.198	0.614	0.207	0.703	0.202	0.607	0.586	0.206	0.699	0.197	0.595	0.2	0.2	0.606	0.199	0.642	0.202	0.603	0.6	0.201	0.635	0.195	0.595	0.198	0.191	0.605	0.211	0.66	0.203	0.605	0.599	0.207	0.648	0.205	0.588	0.199	0.203	0.604	0.203	0.684	0.197	0.594	0.59	0.208	0.665	0.201	0.586	0.201	0.199	0.597	0.203	0.671	0.194	0.6	0.599	0.195	0.667	0.2	0.587	0.206
Plate_4	10	0.195	0.59	0.192	0.65	0.199	0.609	0.606	0.2	0.646	0.203	0.582	0.203	0.198	0.593	0.205	0.656	0.206	0.586	0.586	0.203	0.654	0.206	0.573	0.204	0.199	0.6	0.199	0.701	0.2	0.592	0.588	0.214	0.691	0.201	0.58	0.199	0.198	0.606	0.206	0.715	0.202	0.603	0.578	0.206	0.706	0.198	0.588	0.201	0.201	0.601	0.199	0.657	0.202	0.603	0.598	0.201	0.649	0.195	0.588	0.199	0.191	0.598	0.21	0.673	0.203	0.599	0.593	0.208	0.664	0.206	0.579	0.199	0.21	0.594	0.203	0.689	0.197	0.582	0.581	0.208	0.672	0.201	0.577	0.201	0.203	0.591	0.203	0.69	0.195	0.589	0.588	0.195	0.686	0.2	0.58	0.203
Plate_4	11	0.195	0.583	0.192	0.659	0.199	0.612	0.608	0.199	0.654	0.203	0.571	0.203	0.198	0.586	0.205	0.661	0.206	0.577	0.571	0.202	0.66	0.206	0.563	0.204	0.199	0.595	0.199	0.713	0.2	0.584	0.582	0.214	0.702	0.201	0.575	0.199	0.202	0.598	0.206	0.722	0.202	0.592	0.569	0.206	0.708	0.199	0.58	0.2	0.201	0.593	0.199	0.673	0.202	0.604	0.597	0.201	0.667	0.195	0.579	0.199	0.191	0.588	0.21	0.69	0.203	0.594	0.588	0.208	0.682	0.205	0.571	0.199	0.203	0.588	0.203	0.694	0.197	0.579	0.581	0.207	0.678	0.201	0.572	0.201	0.199	0.587	0.203	0.703	0.195	0.58	0.581	0.195	0.698	0.2	0.574	0.203
Plate_4	12	0.195	0.577	0.192	0.665	0.199	0.615	0.614	0.199	0.662	0.202	0.567	0.203	0.198	0.578	0.205	0.667	0.206	0.567	0.563	0.202	0.665	0.205	0.557	0.204	0.199	0.593	0.198	0.724	0.2	0.577	0.575	0.213	0.711	0.201	0.575	0.199	0.198	0.597	0.205	0.728	0.202	0.583	0.563	0.205	0.715	0.197	0.578	0.2	0.2	0.59	0.199	0.688	0.202	0.6	0.594	0.2	0.684	0.195	0.575	0.199	0.191	0.583	0.21	0.701	0.203	0.595	0.592	0.207	0.694	0.205	0.569	0.199	0.203	0.593	0.203	0.697	0.197	0.582	0.583	0.206	0.684	0.201	0.572	0.201	0.199	0.589	0.203	0.708	0.195	0.579	0.579	0.195	0.705	0.2	0.58	0.203
Plate_4	13	0.195	0.578	0.193	0.674	0.199	0.619	0.619	0.2	0.666	0.203	0.566	0.202	0.198	0.579	0.205	0.67	0.206	0.567	0.562	0.203	0.67	0.205	0.558	0.204	0.199	0.596	0.199	0.73	0.2	0.58	0.581	0.212	0.716	0.201	0.579	0.199	0.198	0.601	0.205	0.731	0.202	0.582	0.565	0.205	0.717	0.197	0.582	0.2	0.2	0.593	0.199	0.698	0.202	0.601	0.594	0.2	0.692	0.195	0.577	0.199	0.192	0.583	0.209	0.705	0.203	0.598	0.596	0.207	0.699	0.205	0.57	0.199	0.204	0.595	0.203	0.701	0.197	0.587	0.589	0.206	0.689	0.201	0.581	0.201	0.2	0.592	0.203	0.711	0.195	0.58	0.578	0.195	0.708	0.201	0.582	0.203
Plate_4	14	0.195	0.579	0.193	0.677	0.199	0.624	0.622	0.199	0.673	0.203	0.571	0.201	0.198	0.58	0.205	0.673	0.206	0.567	0.562	0.203	0.674	0.205	0.56	0.204	0.201	0.6	0.199	0.732	0.2	0.587	0.588	0.212	0.723	0.201	0.582	0.199	0.198	0.605	0.205	0.735	0.202	0.591	0.569	0.205	0.729	0.198	0.586	0.2	0.2	0.596	0.199	0.703	0.202	0.605	0.599	0.2	0.696	0.195	0.579	0.199	0.192	0.585	0.209	0.709	0.203	0.605	0.6	0.207	0.7	0.205	0.574	0.2	0.208	0.602	0.203	0.704	0.197	0.591	0.593	0.206	0.691	0.201	0.586	0.201	0.201	0.597	0.203	0.711	0.195	0.582	0.58	0.195	0.707	0.206	0.58	0.206
Plate_4	15	0.195	0.582	0.193	0.679	0.199	0.625	0.625	0.199	0.675	0.203	0.572	0.201	0.199	0.583	0.205	0.676	0.206	0.568	0.564	0.203	0.677	0.205	0.561	0.204	0.199	0.603	0.199	0.736	0.201	0.593	0.593	0.212	0.726	0.201	0.584	0.199	0.198	0.608	0.205	0.737	0.202	0.598	0.571	0.205	0.722	0.202	0.589	0.2	0.2	0.601	0.199	0.704	0.202	0.61	0.602	0.2	0.697	0.195	0.581	0.199	0.192	0.589	0.209	0.707	0.203	0.609	0.609	0.207	0.699	0.205	0.577	0.199	0.208	0.608	0.203	0.708	0.197	0.596	0.598	0.205	0.696	0.201	0.592	0.204	0.199	0.599	0.203	0.709	0.195	0.601	0.582	0.195	0.704	0.2	0.584	0.203
Plate_4	16	0.195	0.585	0.193	0.68	0.199	0.627	0.626	0.199	0.674	0.202	0.573	0.201	0.199	0.585	0.205	0.677	0.206	0.569	0.564	0.203	0.679	0.204	0.563	0.204	0.199	0.605	0.198	0.736	0.201	0.597	0.596	0.212	0.724	0.201	0.586	0.199	0.198	0.609	0.205	0.737	0.202	0.604	0.575	0.205	0.727	0.197	0.589	0.199	0.2	0.605	0.199	0.702	0.202	0.615	0.605	0.2	0.696	0.195	0.582	0.199	0.192	0.591	0.208	0.706	0.203	0.612	0.611	0.207	0.696	0.204	0.577	0.199	0.209	0.61	0.203	0.71	0.197	0.598	0.599	0.205	0.699	0.201	0.594	0.201	0.2	0.601	0.202	0.706	0.196	0.586	0.581	0.195	0.7	0.201	0.585	0.203
Plate_4	17	0.195	0.584	0.193	0.68	0.199	0.627	0.626	0.199	0.675	0.203	0.574	0.201	0.199	0.587	0.205	0.68	0.206	0.572	0.565	0.203	0.679	0.204	0.565	0.204	0.2	0.608	0.198	0.739	0.201	0.6	0.601	0.211	0.725	0.201	0.588	0.199	0.198	0.611	0.205	0.741	0.203	0.608	0.581	0.205	0.729	0.198	0.59	0.199	0.2	0.606	0.199	0.702	0.202	0.618	0.608	0.2	0.693	0.195	0.584	0.199	0.192	0.592	0.207	0.704	0.203	0.617	0.615	0.207	0.695	0.204	0.579	0.199	0.207	0.614	0.203	0.711	0.197	0.6	0.601	0.205	0.7	0.2	0.597	0.201	0.2	0.602	0.202	0.704	0.196	0.593	0.583	0.195	0.698	0.2	0.592	0.202
Plate_4	18	0.195	0.585	0.193	0.68	0.2	0.627	0.626	0.199	0.675	0.203	0.573	0.201	0.199	0.589	0.205	0.681	0.205	0.573	0.565	0.205	0.681	0.204	0.566	0.204	0.199	0.609	0.198	0.739	0.201	0.605	0.604	0.211	0.724	0.201	0.588	0.199	0.198	0.61	0.205	0.742	0.203	0.612	0.581	0.204	0.727	0.198	0.591	0.199	0.2	0.605	0.199	0.699	0.202	0.621	0.608	0.2	0.689	0.195	0.585	0.199	0.192	0.592	0.207	0.7	0.203	0.616	0.613	0.207	0.689	0.204	0.577	0.2	0.209	0.615	0.203	0.712	0.197	0.6	0.601	0.205	0.701	0.2	0.599	0.201	0.2	0.601	0.203	0.7	0.196	0.587	0.581	0.195	0.693	0.2	0.584	0.203
Plate_4	19	0.195	0.585	0.193	0.678	0.199	0.625	0.623	0.199	0.675	0.203	0.574	0.201	0.199	0.589	0.205	0.682	0.206	0.573	0.566	0.203	0.688	0.204	0.567	0.204	0.2	0.609	0.198	0.738	0.201	0.607	0.606	0.21	0.725	0.201	0.587	0.199	0.198	0.61	0.205	0.741	0.202	0.614	0.585	0.204	0.725	0.198	0.59	0.2	0.2	0.605	0.199	0.694	0.202	0.623	0.608	0.2	0.687	0.195	0.581	0.199	0.192	0.592	0.206	0.697	0.203	0.618	0.616	0.207	0.688	0.204	0.577	0.199	0.209	0.614	0.203	0.713	0.197	0.6	0.601	0.205	0.702	0.2	0.601	0.201	0.2	0.6	0.202	0.701	0.196	0.586	0.58	0.195	0.694	0.2	0.581	0.203
Plate_4	20	0.195	0.584	0.193	0.677	0.2	0.625	0.623	0.199	0.675	0.203	0.572	0.2	0.199	0.588	0.206	0.683	0.206	0.574	0.567	0.206	0.68	0.203	0.566	0.204	0.2	0.609	0.198	0.739	0.201	0.608	0.606	0.209	0.725	0.201	0.586	0.199	0.199	0.608	0.205	0.741	0.202	0.615	0.585	0.203	0.724	0.198	0.588	0.198	0.2	0.604	0.199	0.691	0.202	0.623	0.61	0.2	0.687	0.195	0.582	0.199	0.192	0.589	0.206	0.694	0.203	0.618	0.615	0.207	0.688	0.204	0.577	0.199	0.205	0.614	0.203	0.713	0.197	0.599	0.6	0.205	0.702	0.2	0.601	0.201	0.2	0.598	0.202	0.701	0.196	0.584	0.581	0.195	0.696	0.201	0.579	0.206
Plate_4	21	0.195	0.583	0.193	0.676	0.2	0.622	0.621	0.199	0.674	0.202	0.569	0.199	0.199	0.588	0.206	0.683	0.206	0.573	0.565	0.203	0.687	0.203	0.564	0.204	0.2	0.607	0.198	0.739	0.201	0.606	0.605	0.209	0.727	0.201	0.584	0.199	0.198	0.605	0.205	0.74	0.202	0.614	0.586	0.203	0.728	0.198	0.585	0.198	0.2	0.602	0.199	0.693	0.202	0.621	0.609	0.2	0.687	0.195	0.58	0.199	0.192	0.589	0.206	0.696	0.203	0.617	0.612	0.207	0.69	0.204	0.576	0.199	0.205	0.613	0.203	0.714	0.197	0.598	0.598	0.205	0.704	0.2	0.6	0.201	0.201	0.597	0.203	0.702	0.196	0.582	0.58	0.195	0.696	0.201	0.577	0.203
Plate_4	22	0.196	0.583	0.193	0.677	0.2	0.621	0.619	0.199	0.673	0.202	0.566	0.199	0.199	0.586	0.206	0.684	0.206	0.572	0.563	0.203	0.683	0.203	0.561	0.204	0.2	0.604	0.198	0.74	0.201	0.606	0.605	0.209	0.727	0.201	0.582	0.199	0.198	0.604	0.205	0.739	0.203	0.614	0.586	0.202	0.726	0.198	0.584	0.198	0.2	0.6	0.199	0.694	0.202	0.62	0.608	0.2	0.688	0.195	0.578	0.199	0.193	0.588	0.205	0.696	0.203	0.615	0.611	0.207	0.691	0.204	0.574	0.2	0.205	0.612	0.203	0.717	0.198	0.597	0.596	0.205	0.707	0.2	0.598	0.201	0.206	0.595	0.203	0.703	0.196	0.579	0.576	0.195	0.698	0.201	0.574	0.204
Plate_4	23	0.196	0.58	0.193	0.676	0.2	0.618	0.617	0.199	0.675	0.202	0.564	0.199	0.199	0.584	0.206	0.684	0.206	0.569	0.561	0.202	0.684	0.203	0.559	0.204	0.2	0.603	0.198	0.741	0.201	0.604	0.603	0.209	0.727	0.201	0.579	0.2	0.198	0.601	0.205	0.741	0.203	0.613	0.584	0.202	0.736	0.198	0.582	0.198	0.2	0.597	0.198	0.695	0.202	0.617	0.605	0.2	0.689	0.195	0.575	0.199	0.193	0.585	0.205	0.697	0.204	0.614	0.61	0.207	0.691	0.204	0.571	0.199	0.205	0.609	0.203	0.719	0.198	0.594	0.595	0.204	0.708	0.201	0.597	0.201	0.201	0.597	0.203	0.704	0.197	0.576	0.573	0.195	0.7	0.206	0.572	0.203
Plate_4	24	0.195	0.577	0.193	0.676	0.2	0.616	0.615	0.198	0.673	0.202	0.561	0.199	0.199	0.581	0.206	0.687	0.206	0.566	0.559	0.202	0.686	0.203	0.556	0.204	0.2	0.6	0.198	0.744	0.202	0.603	0.601	0.209	0.729	0.2	0.577	0.2	0.198	0.599	0.205	0.742	0.203	0.61	0.583	0.202	0.728	0.198	0.58	0.198	0.2	0.594	0.198	0.697	0.202	0.616	0.603	0.2	0.691	0.195	0.572	0.199	0.193	0.582	0.205	0.699	0.204	0.611	0.607	0.207	0.693	0.203	0.568	0.199	0.211	0.606	0.203	0.72	0.198	0.592	0.593	0.205	0.71	0.2	0.594	0.201	0.205	0.591	0.203	0.707	0.197	0.574	0.57	0.195	0.703	0.201	0.57	0.203